100 100 100
9 11 7 23 24 29 33 65 91 92 99 6 7 15 44 47 51 54 89 94 98 100
6 7 16 33 52 60 78 80 12 26 59 63 71 96 97
5 3 35 71 88 91 94 14 31 58
8 3 9 20 38 48 52 55 98 100 27 78 95
2 9 53 64 13 32 61 64 76 77 89 97 100
7 6 10 15 50 51 73 78 90 5 11 33 54 96 100
2 6 28 32 7 13 46 58 65 78
3 7 89 92 95 11 18 45 53 56 63 76
1 11 84 34 35 46 51 56 72 75 76 83 88 99
5 5 9 32 80 81 84 6 33 34 45 55
6 4 16 18 35 67 73 75 32 59 60 98
1 2 81 55 72
4 4 7 20 25 48 1 11 43 98
7 2 18 30 34 37 44 83 85 17 87
3 4 25 68 92 32 37 43 72
7 8 12 19 53 63 68 78 81 7 10 26 28 31 71 78 92
8 3 2 7 15 27 33 37 65 69 10 12 78
7 8 9 44 51 57 68 70 95 18 27 30 38 60 86 95 99
3 8 12 63 72 16 19 25 35 38 47 56 86
2 5 12 98 8 14 22 26 78
11 7 3 7 11 14 18 31 38 41 70 81 97 6 10 38 69 70 89 92
4 8 42 44 59 93 26 46 52 57 68 69 83 91
3 6 26 41 77 20 48 60 61 74 91
4 7 16 28 46 94 23 32 49 61 74 86 93
4 3 48 55 68 70 18 35 56
7 8 17 24 25 40 51 61 79 3 8 36 46 47 56 63 70
3 8 15 25 46 20 21 34 55 56 70 80 86
4 7 25 36 39 93 11 17 26 38 43 66 83
5 5 27 49 54 66 91 13 18 30 63 76
8 4 3 12 24 36 45 57 65 87 32 45 68 80
5 3 2 21 22 88 100 26 79 80
8 7 6 22 41 44 54 91 92 100 4 20 26 64 68 82 97
2 6 66 81 3 54 55 66 67 82
2 5 39 74 25 46 64 66 69
4 6 23 63 78 90 33 40 44 57 78 94
3 12 31 36 60 12 19 25 26 44 46 49 51 81 98 99 100
6 3 29 42 60 61 66 67 39 83 92
3 6 9 14 75 3 32 61 64 70 72
6 5 2 17 55 73 87 89 4 13 18 22 75
4 6 8 38 71 97 23 29 37 50 83 84
6 4 12 39 48 59 64 85 44 45 51 92
7 2 6 17 31 37 53 70 95 24 82
8 4 19 47 53 60 63 78 84 90 5 36 46 66
5 8 49 82 85 90 96 5 22 32 48 55 67 96 100
3 5 24 35 95 16 52 74 77 94
4 1 11 33 41 69 57
5 5 15 20 42 64 97 10 18 66 67 83
5 6 4 8 9 14 37 7 19 48 55 67 68
3 4 19 29 82 63 79 92 100
8 3 5 7 29 35 39 55 85 88 31 80 88
4 1 4 80 86 99 7
4 8 24 39 51 100 3 4 42 60 69 75 79 82
4 5 12 44 61 70 9 13 14 65 94
5 5 7 10 20 53 97 9 44 47 52 67
5 6 26 37 38 67 72 32 42 55 60 63 100
6 8 1 32 54 64 76 77 7 8 26 38 58 61 76 78
4 2 57 69 81 92 1 100
1 6 3 5 7 57 59 69 73
9 6 2 3 19 24 30 31 39 41 55 7 24 56 61 63 89
7 2 38 41 45 52 69 79 91 4 35
5 2 18 24 33 81 99 41 64
6 4 4 24 35 63 75 77 26 49 55 88
2 5 8 61 17 31 53 69 87
4 5 22 45 52 96 11 16 19 54 99
5 7 41 50 70 74 99 8 38 45 78 84 92 97
5 7 13 23 54 56 81 14 18 25 29 56 63 80
2 6 10 40 24 33 40 42 63 95
6 6 2 18 29 35 47 74 23 46 48 50 58 72
5 6 27 33 41 67 100 6 30 32 38 45 63
3 7 28 59 85 32 39 43 46 58 68 97
4 2 7 22 77 88 33 79
5 9 15 46 51 56 94 9 39 55 56 60 62 71 91 92
5 7 51 60 71 88 94 27 36 40 55 76 84 98
3 7 57 83 88 18 39 63 64 69 74 87
6 9 3 29 38 48 65 93 6 38 42 60 63 70 75 95 98
3 6 31 40 92 30 58 62 75 76 80
5 5 4 5 49 60 86 7 42 69 78 80
10 3 9 18 20 39 50 54 60 71 80 93 37 48 63
6 4 12 24 31 43 46 59 11 29 32 56
4 4 10 52 58 74 17 63 85 96
3 1 9 26 91 36
4 4 49 61 76 95 1 14 50 51
4 6 28 70 74 97 11 16 43 45 49 94
5 4 12 43 50 71 88 34 50 55 79
5 6 8 13 24 25 91 5 23 24 32 77 94
3 4 5 24 94 2 41 50 66
5 4 16 29 46 60 62 13 45 81 91
6 7 10 38 61 62 91 98 1 25 52 62 64 75 87
3 1 10 19 96 1
0 5 35 59 67 83 88
4 6 25 38 50 58 10 41 59 83 89 90
3 7 21 45 60 8 22 34 37 44 50 86
4 5 37 42 46 54 13 29 30 44 85
3 5 22 42 56 10 31 36 71 73
3 5 46 80 99 8 13 50 74 96
6 6 14 24 30 82 98 99 19 20 30 49 78 81
5 4 8 12 24 37 56 39 68 82 84
3 4 6 60 67 6 13 72 95
5 8 27 28 44 60 86 2 5 10 31 58 65 79 93
5 5 9 29 38 51 59 30 74 81 85 92
