164 1025
85 8585
60 170
29 2987
264 429
553 1185
60 1590
40 4280
280 1890
48 5232
950 1045
186 2294
679 1552
103 11639
258 817
155 713
380 2755
72 104
214 6313
567 1377
888 1665
84 10164
240 7320
90 1230
176 1364
7 875
297 462
47 5969
6 768
87 1247
1170 1521
111 14541
1309 1428
700 1900
254 8509
335 1809
792 1683
132 18084
366 1403
25 3475
21 60
369 5781
164 5822
187 221
945 1680
120 696
206 7519
201 3283
532 4921
14 2086
282 1175
11 1661
1072 2546
135 255
187 238
745 4619
1716 1859
7 1099
74 2923
426 7526
780 4992
959 3151
316 12798
49 7987
496 5084
836 1140
152 6308
91 15197
896 2352
2 338
760 1292
324 684
264 2838
155 26815
60 290
875 3125
506 736
378 7434
14 623
147 26313
81 180
134 24254
780 840
21 427
1376 3956
780 4030
913 1411
76 893
259 999
340 646
160 30560
150 3200
129 24897
210 10185
1144 1320
184 2254
112 22064
1749 2862
24 4776
264 825
483 10787
390 19695
140 580
720 1020
450 3690
350 18025
261 667
741 912
253 437
2674 2865
49 10339
345 8165
128 6848
120 1032
1672 5643
1162 5146
166 9047
261 6351
66 120
390 510
354 2183
127 28321
1253 5728
153 425
302 17063
138 31326
1860 2945
144 32976
2100 4830
2486 4746
40 145
55 12815
2080 2880
700 6580
764 11269
276 7268
2198 2669
104 24856
1455 1552
237 57117
330 19965
177 43011
244 3721
445 4361
1374 9389
1625 2375
1320 5115
486 13446
344 21500
97 24347
342 1064
1397 2921
314 19939
1470 1666
132 33792
209 53713
1116 7998
707 3737
3250 5000
855 2755
228 14934
23 6049
1804 3936
615 6519
2758 3743
108 3204
472 7906
140 37660
310 837
213 57723
2016 2142
1300 2100
424 29044
1056 2400
288 552
208 57616
416 28912
1899 6541
1288 5635
238 66878
318 2491
18 5094
24 426
120 152
468 792
399 2337
2439 8672
178 51442
2480 7192
156 5044
480 8760
215 62995
1002 8183
305 3599
816 3774
913 2241
330 24585
3185 5635
2508 5225
637 3913
422 31861
540 18180
3712 4408
320 3904
5117 5418
242 74294
66 168
63 2163
240 744
123 38253
2964 5472
57 17841
462 36267
2313 8995
140 2765
197 62449
1386 12243
3377 8903
615 7872
909 32421
168 276
2312 2584
1280 25920
2275 4375
184 14996
234 8502
1952 10004
392 2632
4170 6116
55 18205
4 83
1368 5624
574 47929
110 1474
4992 6552
32 10784
572 48334
264 9944
4386 5160
3399 9579
1152 1216
159 54537
368 1978
4890 7498
186 16089
333 115551
192 464
343 119707
1428 2550
2301 4779
3696 10752
287 101311
900 8850
1405 19951
72 1602
4165 5145
518 46361
72 25848
3141 13960
287 103607
628 56834
981 39567
533 1148
1215 17739
444 4514
301 110467
1360 1955
1476 6724
2270 8399
1960 14840
4368 11284
144 53712
3621 4686
636 26500
2752 16168
3224 7192
2982 5751
339 128481
19 20
630 26670
62 5921
214 81962
837 35712
2783 8855
740 71410
1224 5848
504 12222
171 66519
2670 4628
2482 3358
8 49
531 23187
752 74072
610 9638
2299 7524
169 67093
498 49551
608 672
6016 9400
51 20451
2148 23986
1027 2449
52 1313
125 2025
2604 5394
2959 9953
1649 2328
105 42945
2150 8815
1161 53019
1176 30282
252 2124
7326 9361
1940 32204
715 1760
426 19738
7315 8470
378 158382
5780 6069
176 74096
64 6752
2331 12173
1544 10229
4165 6125
1890 22365
2429 21167
152 4066
3016 7656
4080 17544
335 144385
5744 9693
187 80971
4480 9920
5865 11339
1440 39240
2508 3036
552 6716
410 179990
3883 14120
900 4900
4165 6370
118 52274
288 888
640 11392
96 10704
1149 57067
1967 17984
367 164783
7578 10525
1815 6765
568 16046
1047 52699
54 6129
637 1715
7524 9504
114 52098
518 59311
5525 8775
300 345
166 76526
1785 1870
280 129640
7104 12876
4035 8339
392 45668
287 134029
5265 14580
2282 21842
3040 14288
924 48356
200 1475
3410 13330
2328 30652
4522 5950
3230 5320
3204 18868
512 61184
127 60833
1005 2144
3705 10545
248 29884
3066 3358
152 4598
1150 22310
466 56619
31 15097
336 2562
1188 64548
4240 20776
342 167922
3168 10824
7463 12731
8949 12246
3850 15750
752 1457
3255 33015
288 3984
193 96307
